73
0
0
0
0
0
0
0
1
1
2
3
2
4
3
3
4
4
6
6
10
8
10
11
13
13
15
16
18
19
21
22
24
26
26
28
31
33
34
37
38
40
45
43
45
46
48
48
51
53
55
57
60
63
61
63
62
65
66
69
73
73
71
71
72
74
77
78
79
78
78
79
80
82
85
82
80
83
81
84
87
82
83
82
83
84
87
82
82
80
82
83
84
81
81
78
78
81
82
80
76
77
73
75
74
73
73
70
68
66
66
66
65
66
63
62
59
58
58
56
57
58
56
54
52
51
47
49
48
48
47
47
47
44
43
42
41
41
40
39
38
39
37
37
37
37
33
35
33
32
31
29
30
30
30
29
29
29
28
29
29
30
28
27
29
27
28
27
28
27
27
29
29
29
30
31
31
31
33
34
32
33
33
35
34
34
35
35
38
38
39
40
40
43
41
42
42
43
43
44
45
46
47
49
51
51
50
51
51
50
52
53
55
55
58
58
56
57
54
57
58
59
60
63
60
61
60
61
60
62
63
64
65
63
63
60
63
63
63
66
65
62
63
62
63
63
64
64
65
62
63
60
62
62
62
61
64
61
61
58
59
59
61
60
61
61
58
58
56
56
58
57
57
61
56
54
55
53
54
53
54
55
56
53
54
52
51
50
51
51
50
51
54
50
50
48
48
46
47
48
47
47
48
49
46
45
46
44
45
43
45
44
44
44
44
46
44
42
43
42
39
42
41
41
41
42
43
42
40
40
41
39
39
41
40
41
41
41
42
44
40
41
41
41
42
39
42
42
42
43
43
44
43
44
44
43
43
42
44
45
45
47
47
49
47
46
47
47
45
47
50
48
50
50
52
50
49
49
48
51
51
51
52
53
54
53
53
53
50
52
53
54
55
57
55
55
53
53
53
54
54
57
55
57
55
55
55
54
55
55
56
55
59
56
55
55
55
53
55
56
55
56
57
54
54
52
54
55
54
56
55
56
53
54
52
52
52
54
52
54
56
52
51
52
51
49
51
52
51
52
54
51
51
50
49
48
49
50
49
52
51
51
49
49
47
46
48
49
47
48
48
51
47
48
48
47
45
47
47
47
47
48
50
48
47
46
46
44
46
46
47
47
48
49
47
46
46
46
46
47
47
47
48
47
51
47
47
47
48
45
47
48
48
48
51
48
48
48
47
47
48
49
49
49
50
52
49
49
49
48
48
49
50
48
49
49
48
44
43
45
44
45
45
46
47
47
48
49
47
46
46
46
45
47
46
48
48
49
48
46
46
45
44
45
46
48
48
49
51
