0
0
0
0
1
0
0
1
0
0
0
0
0
0
1
-1
-1
0
-1
-1
0
0
0
0
0
0
0
-1
0
0
1
0
0
1
0
1
1
0
1
1
0
1
1
1
1
1
1
1
1
2
1
2
1
2
2
1
3
2
2
2
3
2
4
3
3
4
4
4
4
5
5
6
6
5
7
7
7
8
8
8
9
9
9
10
10
10
11
12
11
12
13
13
14
14
15
15
16
16
16
18
17
18
19
19
22
20
20
21
21
21
22
23
23
23
24
24
25
26
26
27
28
28
30
29
32
33
31
32
32
33
34
32
34
35
35
37
37
37
39
42
41
40
40
40
41
40
42
43
44
44
45
46
49
47
46
47
49
46
50
49
51
52
54
52
53
53
52
52
54
55
55
57
60
57
56
56
59
59
60
60
61
64
61
61
60
63
63
64
66
67
65
64
64
66
67
68
71
69
67
67
68
71
71
72
73
71
69
70
73
72
74
76
73
75
72
73
75
78
82
76
73
76
76
78
80
78
78
77
77
80
80
82
80
80
78
79
82
84
81
81
79
83
83
84
84
83
81
82
84
84
85
85
81
82
86
85
87
85
82
84
86
87
88
84
84
84
85
88
87
87
85
84
87
88
91
86
83
86
87
89
88
86
86
87
87
90
89
86
85
87
87
90
89
86
85
88
89
92
87
86
86
87
89
90
87
86
86
88
89
90
88
87
85
88
89
91
86
84
88
87
90
88
88
85
87
88
89
88
87
83
87
87
91
86
86
86
85
88
89
86
85
84
86
85
89
86
83
84
86
86
89
84
84
84
83
86
88
83
83
83
83
84
88
84
82
83
82
85
85
84
80
81
82
83
83
84
82
80
81
82
82
85
80
80
78
81
82
84
80
79
79
80
81
83
80
80
79
77
80
80
82
79
78
77
78
81
81
79
78
76
78
78
79
82
76
76
76
77
78
80
79
75
76
76
76
78
79
77
75
73
74
77
75
79
74
74
74
74
76
76
76
74
74
71
74
73
77
74
72
73
72
73
74
75
74
72
73
69
73
72
73
74
72
71
70
71
72
73
74
70
72
69
71
71
73
74
70
69
69
70
70
72
73
71
70
69
68
71
70
74
70
70
68
67
68
71
70
71
70
68
69
68
69
69
72
69
69
68
66
68
69
69
71
68
67
67
67
68
69
71
68
68
66
66
68
67
69
70
67
67
65
66
67
69
70
68
66
67
64
67
66
69
71
66
66
64
66
66
67
68
69
66
67
65
65
66
68
68
68
68
64
64
65
67
68
69
66
66
65
66
66
67
68
69
66
66
65
67
65
67
69
68
65
65
66
66
68
67
70
67
65
66
65
66
68
67
68
66
66
65
65
66
67
69
68
67
66
65
65
66
68
70
68
65
65
65
67
66
66
69
65
66
62
64
64
65
66
66
64
66
61
62
64
65
65
67
64
64
61
64
63
64
65
66
63
63
59
62
59
58
57
60
56
57
