50
0
0
0
0
-1
0
1
1
1
1
1
1
0
1
0
0
0
0
-1
0
0
0
0
0
1
0
0
0
0
0
1
0
1
1
1
1
1
1
1
1
2
1
2
1
2
3
2
3
3
3
4
4
4
5
6
6
6
7
7
8
8
9
9
10
10
11
11
12
13
12
15
14
15
15
17
17
20
18
19
19
20
20
21
21
23
23
24
23
25
26
27
28
28
29
31
31
33
35
33
34
35
36
35
36
36
38
40
40
42
42
45
47
44
45
44
45
45
47
48
50
50
54
52
52
53
53
52
55
56
58
59
59
60
59
62
57
61
62
64
64
66
63
66
63
68
67
69
72
69
69
69
70
72
74
76
72
73
72
74
76
77
80
77
77
76
78
80
83
82
80
79
80
81
83
85
84
83
82
85
85
89
86
86
83
86
89
88
88
86
88
88
92
92
89
87
90
91
94
90
88
90
93
91
95
93
91
91
94
95
94
92
90
92
95
97
92
93
91
95
96
96
93
90
94
95
96
94
91
94
94
98
94
92
93
93
96
95
93
92
94
93
97
94
93
90
95
94
96
92
89
93
95
93
93
91
90
92
93
96
90
89
90
90
95
91
89
89
90
92
93
90
88
87
89
90
91
89
87
87
88
90
92
86
85
86
89
90
87
85
84
87
85
91
85
85
83
85
86
85
87
84
81
83
85
86
85
82
81
82
83
85
84
82
79
81
80
83
84
80
80
78
80
81
84
80
79
76
78
80
79
80
79
76
76
78
78
81
77
77
73
76
76
77
79
75
74
73
76
75
76
77
74
73
72
73
74
75
75
73
71
70
71
73
75
73
71
71
69
70
71
72
75
69
69
68
69
69
70
71
70
69
66
67
69
69
68
70
69
67
64
66
67
68
68
67
66
64
65
65
66
67
68
66
66
64
63
64
65
65
68
65
63
64
62
64
65
64
67
64
63
63
62
63
64
64
68
62
63
61
62
62
64
64
66
63
62
62
61
62
64
63
67
63
61
62
60
63
62
63
65
64
62
62
60
62
62
64
64
65
63
64
59
62
61
64
64
65
63
63
60
63
62
64
64
66
63
64
62
62
63
63
65
66
64
63
62
62
63
65
65
67
64
64
63
62
64
66
65
68
64
64
63
64
65
65
67
68
66
64
63
65
65
67
69
68
65
65
63
65
67
67
69
67
65
67
66
65
68
69
70
67
68
66
65
67
68
70
70
67
67
67
67
68
69
72
69
67
68
66
70
68
70
71
68
68
67
69
69
70
73
68
70
67
68
70
70
75
69
69
68
69
69
70
72
72
71
70
68
70
70
73
73
72
70
69
70
71
72
74
71
70
71
71
71
72
75
73
71
70
71
72
73
73
74
71
70
72
72
73
75
72
73
70
71
73
73
75
73
71
72
71
72
73
74
76
72
70
72
73
73
74
76
72
71
71
72
74
74
74
74
72
71
72
75
73
76
74
71
71
73
73
75
73
74
71
73
72
74
74
74
74
70
72
72
73
74
74
73
70
71
73
73
73
75
71
73
70
71
73
74
74
71
71
70
72
71
74
74
72
72
68
72
72
72
75
72
71
68
72
70
73
74
71
72
68
71
70
74
72
72
71
71
68
70
73
72
72
71
69
71
70
71
72
73
71
70
68
71
70
71
74
71
70
68
70
71
72
73
71
70
70
69
70
71
73
72
70
69
68
70
72
72
73
70
70
68
69
71
72
74
71
69
67
69
71
71
72
71
71
70
68
70
71
71
73
69
70
68
70
69
72
72
69
70
68
70
70
72
73
70
70
69
67
71
70
71
72
70
68
68
69
72
70
73
69
69
67
69
70
71
74
68
68
68
69
69
69
72
72
69
68
68
69
69
71
73
69
70
66
69
70
70
72
69
69
68
69
69
71
72
69
70
67
64
65
64
65
68
65
62
64
63
64
65
64
63
63
61
59
61
60
62
62
60
63
60
63
59
63
63
63
68
68
66
66
65
67
67
70
72
71
43