-88
0
0
0
0
0
0
0
-1
0
0
0
0
0
0
0
0
1
0
1
0
1
0
2
1
2
2
2
2
3
3
2
3
4
3
3
4
5
4
5
6
5
6
7
7
8
8
9
9
10
11
11
12
12
13
14
14
16
14
16
17
18
18
19
20
21
21
23
23
24
25
27
29
27
28
29
30
31
32
30
32
33
35
35
37
37
39
41
41
41
41
43
43
43
45
46
47
49
50
51
52
51
52
53
56
55
55
58
59
59
59
59
59
60
62
65
65
67
66
67
64
67
69
75
73
70
71
69
73
74
75
76
78
75
76
76
79
79
84
81
78
79
81
84
85
84
83
83
84
87
88
87
86
86
87
88
91
89
89
88
90
92
93
91
90
89
94
96
92
91
91
94
95
96
94
92
93
96
97
96
93
93
95
98
98
95
93
96
97
100
96
95
95
96
98
98
96
94
98
98
99
96
94
96
98
99
96
94
97
97
99
96
94
95
95
99
96
95
93
95
97
98
93
93
93
96
95
96
92
91
93
94
97
92
91
91
93
95
92
90
89
91
92
93
88
90
89
88
91
92
88
87
86
90
91
88
86
84
88
88
89
87
85
83
87
85
90
84
83
83
83
86
87
83
83
81
82
84
86
82
81
80
80
81
81
83
81
80
78
79
81
82
79
78
76
77
78
80
79
75
76
75
76
76
78
75
75
74
72
74
75
76
73
73
71
71
73
74
73
72
71
70
69
71
70
72
72
69
68
67
69
68
69
72
68
67
65
66
68
67
69
68
66
65
64
63
66
67
67
64
64
64
63
63
64
64
67
63
62
62
62
60
63
63
64
63
61
61
59
61
62
61
63
63
60
60
60
58
61
60
62
63
59
59
59
58
59
60
60
62
61
59
59
58
58
59
59
60
61
61
59
58
56
59
59
59
60
61
60
59
58
57
58
59
60
60
61
60
60
56
58
59
59
61
61
60
60
58
60
59
60
60
61
63
60
61
58
60
60
61
62
62
63
60
60
61
60
63
62
63
65
62
61
61
61
62
65
63
66
63
62
62
63
63
64
65
67
65
65
63
62
66
66
66
70
64
65
63
65
66
67
66
68
65
66
64
65
66
67
70
68
68
67
67
68
69
70
72
69
68
67
70
70
71
73
69
71
69
69
70
71
73
72
70
71
69
71
71
74
73
71
71
69
72
72
73
74
72
70
71
71
72
73
75
73
72
71
72
71
75
76
72
72
71
72
73
73
76
73
73
71
73
73
74
76
74
72
71
72
73
75
75
72
74
71
73
73
75
76
73
72
71
73
74
73
77
73
72
70
74
73
75
77
72
73
72
71
74
75
76
72
73
71
72
72
76
75
74
72
71
73
72
75
76
74
71
70
72
74
74
75
73
71
72
72
73
74
76
72
71
71
71
72
73
76
71
70
71
71
72
73
75
71
71
70
71
72
72
74
71
71
70
69
72
73
75
71
71
70
70
69
73
74
74
69
70
69
72
70
73
73
72
70
70
70
71
72
75
71
71
68
70
70
73
73
71
70
70
70
71
72
75
72
72
72
72