-10
-1
-1
-1
0
0
0
0
-1
0
1
0
0
0
0
1
1
1
2
1
2
3
2
3
3
4
3
4
5
5
5
6
6
7
7
9
9
9
11
11
12
13
14
15
15
16
16
18
20
20
22
22
24
24
26
28
28
29
32
31
33
33
34
36
36
36
40
39
42
42
44
48
47
48
49
49
48
51
53
55
55
59
59
58
58
59
62
62
64
66
69
66
68
70
72
70
75
75
76
74
73
77
79
79
82
80
80
81
82
91
85
86
84
85
88
88
92
89
88
89
92
94
98
92
91
93
96
97
94
96
94
97
98
100
97
96
97
104
98
98
98
101
102
101
100
99
101
102
103
101
98
102
103
104
101
99
102
104
104
99
99
100
101
105
101
98
99
101
105
100
96
99
101
101
98
97
99
99
101
98
97
96
97
99
99
94
95
96
98
98
94
93
94
96
96
92
95
89
92
95
94
91
87
90
93
90
91
87
88
88
88
90
88
85
85
85
87
89
84
84
80
84
85
85
82
81
80
81
82
83
81
80
77
80
77
80
81
77
74
76
77
78
77
76
75
72
74
73
76
75
73
71
72
69
72
70
74
72
70
67
67
69
69
69
72
66
66
66
65
66
66
66
67
65
65
62
63
64
64
64
66
62
63
59
61
60
62
62
64
60
59
59
59
59
59
59
60
62
57
58
55
58
57
57
58
59
57
56
56
54
54
56
56
56
59
54
55
55
53
53
55
55
55
56
57
55
53
54
53
53
55
54
55
58
56
54
54
52
55
55
55
57
56
60
54
55
55
53
57
56
57
58
58
56
58
56
56
57
58
59
60
60
59
59
58
57
59
59
61
64
60
60
60
59
62
61
63
63
64
63
62
61
63
64
64
66
65
65
64
62
65
65
67
68
68
66
66
64
67
67
69
72
67
68
65
69
67
70
70
71
70
69
67
70
71
72
73
72
70
68
70
72
74
74
72
71
72
72
72
74
76
74
72
72
72
74
75
77
74
72
72
74
75
76
78
73
75
73
74
76
75
78
74
75
72
75
75
78
78
75
73
73
76
77
78
76
75
73
75
75
76
79
74
77
74
74
75
77
79
76
74
72
75
76
78
75
76
74
74
75
76
76
77
75
73
74
74
75
76
77
74
73
72
75
75
77
74
73
72
72
74
75
75
74
72
71
72
72
74
75
73
73
69
71
71
74
74
74
70
70
69
71
72
73
72
71
70
70
70
71
73
73
71
71
67
70
69
72
73
70
68
68
69
70
71
71
71
69
67
69
69
70
71
70
69
69
66
68
69
70
72
68
68
68
66
69
70
69
71
68
66
67
67
68
69
71
68
68
67
66
69
69
69
71
67
67
63
65
65
65
62
63
59
57
56
57
56
56
57
61
60
57