262
0
0
1
0
1
1
0
1
1
1
2
1
2
1
2
2
2
4
3
4
5
6
6
8
8
11
11
12
13
13
15
17
18
19
21
22
23
26
27
26
30
32
35
35
38
38
41
45
44
46
46
48
51
53
54
57
59
64
63
63
64
64
72
69
77
75
75
73
76
79
82
84
84
85
84
86
90
94
91
94
90
94
98
97
98
96
100
100
104
102
101
104
104
108
105
102
106
109
110
105
106
108
113
108
106
108
111
111
110
106
108
112
111
108
105
108
110
109
107
106
107
110
107
103
105
105
109
102
103
103
105
105
102
101
99
102
102
101
95
94
100
100
96
94
92
95
94
94
90
88
88
86
91
87
82
80
81
80
84
76
75
75
70
75
74
75
73
69
68
67
67
66
66
68
63
61
58
59
59
59
58
60
57
55
55
53
53
55
53
55
53
54
53
52
51
49
50
51
50
50
50
53
49
48
49
46
47
47
48
47
49
51
48
47
47
47
46
46
47
47
49
48
51
49
49
47
48
47
49
49
49
51
52
53
52
51
52
51
52
53
54
55
59
56
56
57
55
55
58
58
60
61
61
61
61
60
62
63
64
66
66
65
66
65
67
67
68
73
68
70
67
70
71
73
74
74
73
72
73
74
77
77
77
75
75
76
77
79
82
78
77
77
79
81
81
84
79
78
80
81
81
84
82
81
80
81
83
86
83
82
78
82
84
84
83
81
81
82
83
83
84
83
79
81
82
83
84
81
79
80
81
82
84
81
79
78
81
81
83
78
80
77
78
77
80
82
78
78
75
78
77
81
78
76
74
75
76
76
79
74
76
72
75
73
76
77
73
73
71
72
72
74
75
71
71
69
71
71
72
72
71
69
70
66
70
69
70
70
68
67
65
67
67
69
70
66
66
66
63
66
66
68
68
65
63
63
64
65
65
65
66
65
64
62
63
63
64
66
65
65
62
60
63
63
64
64
66
62
62
63
62
63
63
64
66
63
63
63
61
63
63
65
67
63
63
62
62
65
64
65
67
64
64
64
63
64
66
66
69
64
66
63
65
66
66
69
69
66
66
65
67
68
68
71
69
68
65
68
69
68
70
71
69
69
67
68
70
70
74
70
70
66
66
67
70
69
71
68
67
